(kicad_pcb (version 20171130) (host pcbnew "(5.1.2-1)-1")

  (general
    (thickness 1.6)
    (drawings 12)
    (tracks 392)
    (zones 0)
    (modules 77)
    (nets 76)
  )

  (page A4)
  (layers
    (0 F.Cu signal)
    (31 B.Cu signal)
    (32 B.Adhes user)
    (33 F.Adhes user)
    (34 B.Paste user)
    (35 F.Paste user)
    (36 B.SilkS user)
    (37 F.SilkS user)
    (38 B.Mask user)
    (39 F.Mask user)
    (40 Dwgs.User user)
    (41 Cmts.User user)
    (42 Eco1.User user)
    (43 Eco2.User user)
    (44 Edge.Cuts user)
    (45 Margin user)
    (46 B.CrtYd user)
    (47 F.CrtYd user)
    (48 B.Fab user)
    (49 F.Fab user)
  )

  (setup
    (last_trace_width 0.25)
    (user_trace_width 0.4)
    (user_trace_width 1)
    (trace_clearance 0.2)
    (zone_clearance 0.508)
    (zone_45_only no)
    (trace_min 0.2)
    (via_size 0.8)
    (via_drill 0.4)
    (via_min_size 0.4)
    (via_min_drill 0.3)
    (uvia_size 0.3)
    (uvia_drill 0.1)
    (uvias_allowed no)
    (uvia_min_size 0.2)
    (uvia_min_drill 0.1)
    (edge_width 0.05)
    (segment_width 0.2)
    (pcb_text_width 0.3)
    (pcb_text_size 1.5 1.5)
    (mod_edge_width 0.12)
    (mod_text_size 1 1)
    (mod_text_width 0.15)
    (pad_size 3.2 5.8)
    (pad_drill 0)
    (pad_to_mask_clearance 0.051)
    (solder_mask_min_width 0.25)
    (aux_axis_origin 0 0)
    (visible_elements FFFFEF7F)
    (pcbplotparams
      (layerselection 0x010fc_ffffffff)
      (usegerberextensions false)
      (usegerberattributes false)
      (usegerberadvancedattributes false)
      (creategerberjobfile false)
      (excludeedgelayer true)
      (linewidth 0.100000)
      (plotframeref false)
      (viasonmask false)
      (mode 1)
      (useauxorigin false)
      (hpglpennumber 1)
      (hpglpenspeed 20)
      (hpglpendiameter 15.000000)
      (psnegative false)
      (psa4output false)
      (plotreference true)
      (plotvalue true)
      (plotinvisibletext false)
      (padsonsilk false)
      (subtractmaskfromsilk false)
      (outputformat 1)
      (mirror false)
      (drillshape 1)
      (scaleselection 1)
      (outputdirectory ""))
  )

  (net 0 "")
  (net 1 GND)
  (net 2 /nRESET)
  (net 3 +3V3)
  (net 4 "Net-(C5-Pad1)")
  (net 5 "Net-(C6-Pad1)")
  (net 6 "Net-(C6-Pad2)")
  (net 7 /MIC_IN)
  (net 8 "Net-(D1-Pad1)")
  (net 9 "Net-(D2-Pad1)")
  (net 10 "Net-(D3-Pad1)")
  (net 11 "Net-(D4-Pad1)")
  (net 12 "Net-(D5-Pad1)")
  (net 13 "Net-(D6-Pad1)")
  (net 14 "Net-(D7-Pad1)")
  (net 15 "Net-(D8-Pad1)")
  (net 16 "Net-(D10-Pad2)")
  (net 17 "Net-(D10-Pad1)")
  (net 18 "Net-(D11-Pad1)")
  (net 19 "Net-(D12-Pad1)")
  (net 20 "Net-(D13-Pad1)")
  (net 21 "Net-(D14-Pad1)")
  (net 22 "Net-(D15-Pad1)")
  (net 23 "Net-(D16-Pad1)")
  (net 24 "Net-(D17-Pad1)")
  (net 25 "Net-(D18-Pad1)")
  (net 26 "Net-(D19-Pad1)")
  (net 27 "Net-(D20-Pad1)")
  (net 28 "Net-(D21-Pad1)")
  (net 29 "Net-(D22-Pad1)")
  (net 30 "Net-(D23-Pad1)")
  (net 31 "Net-(D24-Pad1)")
  (net 32 "Net-(D25-Pad1)")
  (net 33 "Net-(D26-Pad1)")
  (net 34 "Net-(D27-Pad1)")
  (net 35 "Net-(D28-Pad1)")
  (net 36 "Net-(D29-Pad1)")
  (net 37 "Net-(D30-Pad1)")
  (net 38 "Net-(D31-Pad1)")
  (net 39 "Net-(D32-Pad1)")
  (net 40 "Net-(D33-Pad1)")
  (net 41 "Net-(D34-Pad1)")
  (net 42 "Net-(D35-Pad1)")
  (net 43 "Net-(D36-Pad1)")
  (net 44 "Net-(D37-Pad1)")
  (net 45 "Net-(D38-Pad1)")
  (net 46 "Net-(D39-Pad1)")
  (net 47 "Net-(D40-Pad1)")
  (net 48 "Net-(D41-Pad1)")
  (net 49 "Net-(D42-Pad1)")
  (net 50 "Net-(D43-Pad1)")
  (net 51 "Net-(D44-Pad1)")
  (net 52 "Net-(D45-Pad1)")
  (net 53 "Net-(D46-Pad1)")
  (net 54 "Net-(D47-Pad1)")
  (net 55 "Net-(D48-Pad1)")
  (net 56 "Net-(F1-Pad1)")
  (net 57 /CLK_IN)
  (net 58 /DAT_IN)
  (net 59 /DAT_OUT)
  (net 60 /CLK_OUT)
  (net 61 /SWDIO)
  (net 62 /SWCLK)
  (net 63 "Net-(J4-Pad6)")
  (net 64 "Net-(J4-Pad7)")
  (net 65 "Net-(J4-Pad8)")
  (net 66 "Net-(Q1-Pad3)")
  (net 67 /SCK)
  (net 68 /MOSI)
  (net 69 "Net-(R5-Pad1)")
  (net 70 "Net-(U1-Pad1)")
  (net 71 "Net-(U1-Pad4)")
  (net 72 "Net-(U1-Pad5)")
  (net 73 "Net-(U1-Pad9)")
  (net 74 "Net-(U1-Pad10)")
  (net 75 "Net-(U1-Pad14)")

  (net_class Default "This is the default net class."
    (clearance 0.2)
    (trace_width 0.25)
    (via_dia 0.8)
    (via_drill 0.4)
    (uvia_dia 0.3)
    (uvia_drill 0.1)
    (add_net +3V3)
    (add_net /CLK_IN)
    (add_net /CLK_OUT)
    (add_net /DAT_IN)
    (add_net /DAT_OUT)
    (add_net /MIC_IN)
    (add_net /MOSI)
    (add_net /SCK)
    (add_net /SWCLK)
    (add_net /SWDIO)
    (add_net /nRESET)
    (add_net GND)
    (add_net "Net-(C5-Pad1)")
    (add_net "Net-(C6-Pad1)")
    (add_net "Net-(C6-Pad2)")
    (add_net "Net-(D1-Pad1)")
    (add_net "Net-(D10-Pad1)")
    (add_net "Net-(D10-Pad2)")
    (add_net "Net-(D11-Pad1)")
    (add_net "Net-(D12-Pad1)")
    (add_net "Net-(D13-Pad1)")
    (add_net "Net-(D14-Pad1)")
    (add_net "Net-(D15-Pad1)")
    (add_net "Net-(D16-Pad1)")
    (add_net "Net-(D17-Pad1)")
    (add_net "Net-(D18-Pad1)")
    (add_net "Net-(D19-Pad1)")
    (add_net "Net-(D2-Pad1)")
    (add_net "Net-(D20-Pad1)")
    (add_net "Net-(D21-Pad1)")
    (add_net "Net-(D22-Pad1)")
    (add_net "Net-(D23-Pad1)")
    (add_net "Net-(D24-Pad1)")
    (add_net "Net-(D25-Pad1)")
    (add_net "Net-(D26-Pad1)")
    (add_net "Net-(D27-Pad1)")
    (add_net "Net-(D28-Pad1)")
    (add_net "Net-(D29-Pad1)")
    (add_net "Net-(D3-Pad1)")
    (add_net "Net-(D30-Pad1)")
    (add_net "Net-(D31-Pad1)")
    (add_net "Net-(D32-Pad1)")
    (add_net "Net-(D33-Pad1)")
    (add_net "Net-(D34-Pad1)")
    (add_net "Net-(D35-Pad1)")
    (add_net "Net-(D36-Pad1)")
    (add_net "Net-(D37-Pad1)")
    (add_net "Net-(D38-Pad1)")
    (add_net "Net-(D39-Pad1)")
    (add_net "Net-(D4-Pad1)")
    (add_net "Net-(D40-Pad1)")
    (add_net "Net-(D41-Pad1)")
    (add_net "Net-(D42-Pad1)")
    (add_net "Net-(D43-Pad1)")
    (add_net "Net-(D44-Pad1)")
    (add_net "Net-(D45-Pad1)")
    (add_net "Net-(D46-Pad1)")
    (add_net "Net-(D47-Pad1)")
    (add_net "Net-(D48-Pad1)")
    (add_net "Net-(D5-Pad1)")
    (add_net "Net-(D6-Pad1)")
    (add_net "Net-(D7-Pad1)")
    (add_net "Net-(D8-Pad1)")
    (add_net "Net-(F1-Pad1)")
    (add_net "Net-(J4-Pad6)")
    (add_net "Net-(J4-Pad7)")
    (add_net "Net-(J4-Pad8)")
    (add_net "Net-(Q1-Pad3)")
    (add_net "Net-(R5-Pad1)")
    (add_net "Net-(U1-Pad1)")
    (add_net "Net-(U1-Pad10)")
    (add_net "Net-(U1-Pad14)")
    (add_net "Net-(U1-Pad4)")
    (add_net "Net-(U1-Pad5)")
    (add_net "Net-(U1-Pad9)")
  )

  (net_class 1mm ""
    (clearance 0.2)
    (trace_width 1)
    (via_dia 0.8)
    (via_drill 0.4)
    (uvia_dia 0.3)
    (uvia_drill 0.1)
  )

  (module Package_SO:HTSSOP-20-1EP_4.4x6.5mm_P0.65mm_EP3.4x6.5mm_Mask2.75x3.43mm_ThermalVias (layer F.Cu) (tedit 5D532829) (tstamp 5D4903CA)
    (at 147.8875 86.775)
    (descr "HTSSOP, 20 Pin (http://www.ti.com/lit/ds/symlink/tlc5971.pdf#page=37&zoom=160,-90,3), generated with kicad-footprint-generator ipc_gullwing_generator.py")
    (tags "HTSSOP SO")
    (path /5D488145)
    (attr smd)
    (fp_text reference U2 (at 0 -4.2) (layer F.SilkS)
      (effects (font (size 1 1) (thickness 0.15)))
    )
    (fp_text value TLC5971PWP (at 0 4.2) (layer F.Fab)
      (effects (font (size 1 1) (thickness 0.15)))
    )
    (fp_line (start 0 3.51) (end 0 3.51) (layer B.Fab) (width 0.12))
    (fp_line (start 0 3.51) (end 2.2 3.51) (layer F.SilkS) (width 0.12))
    (fp_line (start 0 3.51) (end -2.2 3.51) (layer F.SilkS) (width 0.12))
    (fp_line (start 0 -3.51) (end 2.2 -3.51) (layer F.SilkS) (width 0.12))
    (fp_line (start 0 -3.51) (end -3.65 -3.51) (layer F.SilkS) (width 0.12))
    (fp_line (start -1.2 -3.25) (end 2.2 -3.25) (layer F.Fab) (width 0.1))
    (fp_line (start 2.2 -3.25) (end 2.2 3.25) (layer F.Fab) (width 0.1))
    (fp_line (start 2.2 3.25) (end -2.2 3.25) (layer F.Fab) (width 0.1))
    (fp_line (start -2.2 3.25) (end -2.2 -2.25) (layer F.Fab) (width 0.1))
    (fp_line (start -2.2 -2.25) (end -1.2 -3.25) (layer F.Fab) (width 0.1))
    (fp_line (start -3.9 -3.5) (end -3.9 3.5) (layer F.CrtYd) (width 0.05))
    (fp_line (start -3.9 3.5) (end 3.9 3.5) (layer F.CrtYd) (width 0.05))
    (fp_line (start 3.9 3.5) (end 3.9 -3.5) (layer F.CrtYd) (width 0.05))
    (fp_line (start 3.9 -3.5) (end -3.9 -3.5) (layer F.CrtYd) (width 0.05))
    (fp_text user %R (at 0 0) (layer F.Fab)
      (effects (font (size 1 1) (thickness 0.15)))
    )
    (pad "" smd roundrect (at 0 0) (size 2.75 3.43) (layers F.Mask) (roundrect_rratio 0.090909))
    (pad 21 smd roundrect (at 0 0) (size 3.4 6.5) (layers F.Cu) (roundrect_rratio 0.073529)
      (net 1 GND))
    (pad 21 thru_hole circle (at -1.3 -2.6) (size 0.6 0.6) (drill 0.3) (layers *.Cu)
      (net 1 GND))
    (pad 21 thru_hole circle (at 0 -2.6) (size 0.6 0.6) (drill 0.3) (layers *.Cu)
      (net 1 GND))
    (pad 21 thru_hole circle (at 1.3 -2.6) (size 0.6 0.6) (drill 0.3) (layers *.Cu)
      (net 1 GND))
    (pad 21 thru_hole circle (at -1.3 -1.3) (size 0.6 0.6) (drill 0.3) (layers *.Cu)
      (net 1 GND))
    (pad 21 thru_hole circle (at 0 -1.3) (size 0.6 0.6) (drill 0.3) (layers *.Cu)
      (net 1 GND))
    (pad 21 thru_hole circle (at 1.3 -1.3) (size 0.6 0.6) (drill 0.3) (layers *.Cu)
      (net 1 GND))
    (pad 21 thru_hole circle (at -1.3 0) (size 0.6 0.6) (drill 0.3) (layers *.Cu)
      (net 1 GND))
    (pad 21 thru_hole circle (at 0 0) (size 0.6 0.6) (drill 0.3) (layers *.Cu)
      (net 1 GND))
    (pad 21 thru_hole circle (at 1.3 0) (size 0.6 0.6) (drill 0.3) (layers *.Cu)
      (net 1 GND))
    (pad 21 thru_hole circle (at -1.3 1.3) (size 0.6 0.6) (drill 0.3) (layers *.Cu)
      (net 1 GND))
    (pad 21 thru_hole circle (at 0 1.3) (size 0.6 0.6) (drill 0.3) (layers *.Cu)
      (net 1 GND))
    (pad 21 thru_hole circle (at 1.3 1.3) (size 0.6 0.6) (drill 0.3) (layers *.Cu)
      (net 1 GND))
    (pad 21 thru_hole circle (at -1.3 2.6) (size 0.6 0.6) (drill 0.3) (layers *.Cu)
      (net 1 GND))
    (pad 21 thru_hole circle (at 0 2.6) (size 0.6 0.6) (drill 0.3) (layers *.Cu)
      (net 1 GND))
    (pad 21 thru_hole circle (at 1.3 2.6) (size 0.6 0.6) (drill 0.3) (layers *.Cu)
      (net 1 GND))
    (pad 21 smd roundrect (at 0 0) (size 3.2 5.8) (layers F.Cu) (roundrect_rratio 0.078)
      (net 1 GND))
    (pad "" smd roundrect (at -0.69 -0.86) (size 1.11 1.38) (layers F.Paste) (roundrect_rratio 0.225225))
    (pad "" smd roundrect (at -0.69 0.86) (size 1.11 1.38) (layers F.Paste) (roundrect_rratio 0.225225))
    (pad "" smd roundrect (at 0.69 -0.86) (size 1.11 1.38) (layers F.Paste) (roundrect_rratio 0.225225))
    (pad "" smd roundrect (at 0.69 0.86) (size 1.11 1.38) (layers F.Paste) (roundrect_rratio 0.225225))
    (pad 1 smd roundrect (at -2.8625 -2.925) (size 1.575 0.4) (layers F.Cu F.Paste F.Mask) (roundrect_rratio 0.25)
      (net 69 "Net-(R5-Pad1)"))
    (pad 2 smd roundrect (at -2.8625 -2.275) (size 1.575 0.4) (layers F.Cu F.Paste F.Mask) (roundrect_rratio 0.25)
      (net 1 GND))
    (pad 3 smd roundrect (at -2.8625 -1.625) (size 1.575 0.4) (layers F.Cu F.Paste F.Mask) (roundrect_rratio 0.25)
      (net 11 "Net-(D4-Pad1)"))
    (pad 4 smd roundrect (at -2.8625 -0.975) (size 1.575 0.4) (layers F.Cu F.Paste F.Mask) (roundrect_rratio 0.25)
      (net 15 "Net-(D8-Pad1)"))
    (pad 5 smd roundrect (at -2.8625 -0.325) (size 1.575 0.4) (layers F.Cu F.Paste F.Mask) (roundrect_rratio 0.25)
      (net 19 "Net-(D12-Pad1)"))
    (pad 6 smd roundrect (at -2.8625 0.325) (size 1.575 0.4) (layers F.Cu F.Paste F.Mask) (roundrect_rratio 0.25)
      (net 23 "Net-(D16-Pad1)"))
    (pad 7 smd roundrect (at -2.8625 0.975) (size 1.575 0.4) (layers F.Cu F.Paste F.Mask) (roundrect_rratio 0.25)
      (net 27 "Net-(D20-Pad1)"))
    (pad 8 smd roundrect (at -2.8625 1.625) (size 1.575 0.4) (layers F.Cu F.Paste F.Mask) (roundrect_rratio 0.25)
      (net 31 "Net-(D24-Pad1)"))
    (pad 9 smd roundrect (at -2.8625 2.275) (size 1.575 0.4) (layers F.Cu F.Paste F.Mask) (roundrect_rratio 0.25)
      (net 58 /DAT_IN))
    (pad 10 smd roundrect (at -2.8625 2.925) (size 1.575 0.4) (layers F.Cu F.Paste F.Mask) (roundrect_rratio 0.25)
      (net 57 /CLK_IN))
    (pad 11 smd roundrect (at 2.8625 2.925) (size 1.575 0.4) (layers F.Cu F.Paste F.Mask) (roundrect_rratio 0.25)
      (net 60 /CLK_OUT))
    (pad 12 smd roundrect (at 2.8625 2.275) (size 1.575 0.4) (layers F.Cu F.Paste F.Mask) (roundrect_rratio 0.25)
      (net 59 /DAT_OUT))
    (pad 13 smd roundrect (at 2.8625 1.625) (size 1.575 0.4) (layers F.Cu F.Paste F.Mask) (roundrect_rratio 0.25)
      (net 35 "Net-(D28-Pad1)"))
    (pad 14 smd roundrect (at 2.8625 0.975) (size 1.575 0.4) (layers F.Cu F.Paste F.Mask) (roundrect_rratio 0.25)
      (net 39 "Net-(D32-Pad1)"))
    (pad 15 smd roundrect (at 2.8625 0.325) (size 1.575 0.4) (layers F.Cu F.Paste F.Mask) (roundrect_rratio 0.25)
      (net 43 "Net-(D36-Pad1)"))
    (pad 16 smd roundrect (at 2.8625 -0.325) (size 1.575 0.4) (layers F.Cu F.Paste F.Mask) (roundrect_rratio 0.25)
      (net 47 "Net-(D40-Pad1)"))
    (pad 17 smd roundrect (at 2.8625 -0.975) (size 1.575 0.4) (layers F.Cu F.Paste F.Mask) (roundrect_rratio 0.25)
      (net 51 "Net-(D44-Pad1)"))
    (pad 18 smd roundrect (at 2.8625 -1.625) (size 1.575 0.4) (layers F.Cu F.Paste F.Mask) (roundrect_rratio 0.25)
      (net 55 "Net-(D48-Pad1)"))
    (pad 19 smd roundrect (at 2.8625 -2.275) (size 1.575 0.4) (layers F.Cu F.Paste F.Mask) (roundrect_rratio 0.25)
      (net 4 "Net-(C5-Pad1)"))
    (pad 20 smd roundrect (at 2.8625 -2.925) (size 1.575 0.4) (layers F.Cu F.Paste F.Mask) (roundrect_rratio 0.25)
      (net 3 +3V3))
    (model ${KISYS3DMOD}/Package_SO.3dshapes/HTSSOP-20-1EP_4.4x6.5mm_P0.65mm_EP3.4x6.5mm_Mask2.75x3.43mm.wrl
      (at (xyz 0 0 0))
      (scale (xyz 1 1 1))
      (rotate (xyz 0 0 0))
    )
  )

  (module Connector_PinHeader_2.54mm:PinHeader_1x04_P2.54mm_Vertical (layer F.Cu) (tedit 59FED5CC) (tstamp 5D49025D)
    (at 177.575 105.85 270)
    (descr "Through hole straight pin header, 1x04, 2.54mm pitch, single row")
    (tags "Through hole pin header THT 1x04 2.54mm single row")
    (path /5D6B40E1)
    (fp_text reference J2 (at 0 -2.33 90) (layer F.SilkS)
      (effects (font (size 1 1) (thickness 0.15)))
    )
    (fp_text value Conn_01x04_Female (at 0 9.95 90) (layer F.Fab)
      (effects (font (size 1 1) (thickness 0.15)))
    )
    (fp_text user %R (at 0 3.81) (layer F.Fab)
      (effects (font (size 1 1) (thickness 0.15)))
    )
    (fp_line (start 1.8 -1.8) (end -1.8 -1.8) (layer F.CrtYd) (width 0.05))
    (fp_line (start 1.8 9.4) (end 1.8 -1.8) (layer F.CrtYd) (width 0.05))
    (fp_line (start -1.8 9.4) (end 1.8 9.4) (layer F.CrtYd) (width 0.05))
    (fp_line (start -1.8 -1.8) (end -1.8 9.4) (layer F.CrtYd) (width 0.05))
    (fp_line (start -1.33 -1.33) (end 0 -1.33) (layer F.SilkS) (width 0.12))
    (fp_line (start -1.33 0) (end -1.33 -1.33) (layer F.SilkS) (width 0.12))
    (fp_line (start -1.33 1.27) (end 1.33 1.27) (layer F.SilkS) (width 0.12))
    (fp_line (start 1.33 1.27) (end 1.33 8.95) (layer F.SilkS) (width 0.12))
    (fp_line (start -1.33 1.27) (end -1.33 8.95) (layer F.SilkS) (width 0.12))
    (fp_line (start -1.33 8.95) (end 1.33 8.95) (layer F.SilkS) (width 0.12))
    (fp_line (start -1.27 -0.635) (end -0.635 -1.27) (layer F.Fab) (width 0.1))
    (fp_line (start -1.27 8.89) (end -1.27 -0.635) (layer F.Fab) (width 0.1))
    (fp_line (start 1.27 8.89) (end -1.27 8.89) (layer F.Fab) (width 0.1))
    (fp_line (start 1.27 -1.27) (end 1.27 8.89) (layer F.Fab) (width 0.1))
    (fp_line (start -0.635 -1.27) (end 1.27 -1.27) (layer F.Fab) (width 0.1))
    (pad 4 thru_hole oval (at 0 7.62 270) (size 1.7 1.7) (drill 1) (layers *.Cu *.Mask)
      (net 1 GND))
    (pad 3 thru_hole oval (at 0 5.08 270) (size 1.7 1.7) (drill 1) (layers *.Cu *.Mask)
      (net 59 /DAT_OUT))
    (pad 2 thru_hole oval (at 0 2.54 270) (size 1.7 1.7) (drill 1) (layers *.Cu *.Mask)
      (net 60 /CLK_OUT))
    (pad 1 thru_hole rect (at 0 0 270) (size 1.7 1.7) (drill 1) (layers *.Cu *.Mask)
      (net 56 "Net-(F1-Pad1)"))
    (model ${KISYS3DMOD}/Connector_PinHeader_2.54mm.3dshapes/PinHeader_1x04_P2.54mm_Vertical.wrl
      (at (xyz 0 0 0))
      (scale (xyz 1 1 1))
      (rotate (xyz 0 0 0))
    )
  )

  (module Capacitor_SMD:C_1206_3216Metric_Pad1.42x1.75mm_HandSolder (layer F.Cu) (tedit 5B301BBE) (tstamp 5D532B84)
    (at 176.15 84.4)
    (descr "Capacitor SMD 1206 (3216 Metric), square (rectangular) end terminal, IPC_7351 nominal with elongated pad for handsoldering. (Body size source: http://www.tortai-tech.com/upload/download/2011102023233369053.pdf), generated with kicad-footprint-generator")
    (tags "capacitor handsolder")
    (path /5D554F59)
    (attr smd)
    (fp_text reference C1 (at 0 -1.82) (layer F.SilkS)
      (effects (font (size 1 1) (thickness 0.15)))
    )
    (fp_text value 4.7u (at 0 1.82) (layer F.Fab)
      (effects (font (size 1 1) (thickness 0.15)))
    )
    (fp_text user %R (at 0 0) (layer F.Fab)
      (effects (font (size 0.8 0.8) (thickness 0.12)))
    )
    (fp_line (start 2.45 1.12) (end -2.45 1.12) (layer F.CrtYd) (width 0.05))
    (fp_line (start 2.45 -1.12) (end 2.45 1.12) (layer F.CrtYd) (width 0.05))
    (fp_line (start -2.45 -1.12) (end 2.45 -1.12) (layer F.CrtYd) (width 0.05))
    (fp_line (start -2.45 1.12) (end -2.45 -1.12) (layer F.CrtYd) (width 0.05))
    (fp_line (start -0.602064 0.91) (end 0.602064 0.91) (layer F.SilkS) (width 0.12))
    (fp_line (start -0.602064 -0.91) (end 0.602064 -0.91) (layer F.SilkS) (width 0.12))
    (fp_line (start 1.6 0.8) (end -1.6 0.8) (layer F.Fab) (width 0.1))
    (fp_line (start 1.6 -0.8) (end 1.6 0.8) (layer F.Fab) (width 0.1))
    (fp_line (start -1.6 -0.8) (end 1.6 -0.8) (layer F.Fab) (width 0.1))
    (fp_line (start -1.6 0.8) (end -1.6 -0.8) (layer F.Fab) (width 0.1))
    (pad 2 smd roundrect (at 1.4875 0) (size 1.425 1.75) (layers F.Cu F.Paste F.Mask) (roundrect_rratio 0.175439)
      (net 1 GND))
    (pad 1 smd roundrect (at -1.4875 0) (size 1.425 1.75) (layers F.Cu F.Paste F.Mask) (roundrect_rratio 0.175439)
      (net 2 /nRESET))
    (model ${KISYS3DMOD}/Capacitor_SMD.3dshapes/C_1206_3216Metric.wrl
      (at (xyz 0 0 0))
      (scale (xyz 1 1 1))
      (rotate (xyz 0 0 0))
    )
  )

  (module Capacitor_SMD:C_1206_3216Metric_Pad1.42x1.75mm_HandSolder (layer F.Cu) (tedit 5B301BBE) (tstamp 5D532BB4)
    (at 161.9125 86.2 180)
    (descr "Capacitor SMD 1206 (3216 Metric), square (rectangular) end terminal, IPC_7351 nominal with elongated pad for handsoldering. (Body size source: http://www.tortai-tech.com/upload/download/2011102023233369053.pdf), generated with kicad-footprint-generator")
    (tags "capacitor handsolder")
    (path /5D561926)
    (attr smd)
    (fp_text reference C2 (at 0 -1.82) (layer F.SilkS)
      (effects (font (size 1 1) (thickness 0.15)))
    )
    (fp_text value 4.7u (at 0 1.82) (layer F.Fab)
      (effects (font (size 1 1) (thickness 0.15)))
    )
    (fp_line (start -1.6 0.8) (end -1.6 -0.8) (layer F.Fab) (width 0.1))
    (fp_line (start -1.6 -0.8) (end 1.6 -0.8) (layer F.Fab) (width 0.1))
    (fp_line (start 1.6 -0.8) (end 1.6 0.8) (layer F.Fab) (width 0.1))
    (fp_line (start 1.6 0.8) (end -1.6 0.8) (layer F.Fab) (width 0.1))
    (fp_line (start -0.602064 -0.91) (end 0.602064 -0.91) (layer F.SilkS) (width 0.12))
    (fp_line (start -0.602064 0.91) (end 0.602064 0.91) (layer F.SilkS) (width 0.12))
    (fp_line (start -2.45 1.12) (end -2.45 -1.12) (layer F.CrtYd) (width 0.05))
    (fp_line (start -2.45 -1.12) (end 2.45 -1.12) (layer F.CrtYd) (width 0.05))
    (fp_line (start 2.45 -1.12) (end 2.45 1.12) (layer F.CrtYd) (width 0.05))
    (fp_line (start 2.45 1.12) (end -2.45 1.12) (layer F.CrtYd) (width 0.05))
    (fp_text user %R (at 0 0) (layer F.Fab)
      (effects (font (size 0.8 0.8) (thickness 0.12)))
    )
    (pad 1 smd roundrect (at -1.4875 0 180) (size 1.425 1.75) (layers F.Cu F.Paste F.Mask) (roundrect_rratio 0.175439)
      (net 3 +3V3))
    (pad 2 smd roundrect (at 1.4875 0 180) (size 1.425 1.75) (layers F.Cu F.Paste F.Mask) (roundrect_rratio 0.175439)
      (net 1 GND))
    (model ${KISYS3DMOD}/Capacitor_SMD.3dshapes/C_1206_3216Metric.wrl
      (at (xyz 0 0 0))
      (scale (xyz 1 1 1))
      (rotate (xyz 0 0 0))
    )
  )

  (module Capacitor_SMD:C_0603_1608Metric_Pad1.05x0.95mm_HandSolder (layer F.Cu) (tedit 5B301BBE) (tstamp 5D532BE4)
    (at 162.5 88.25 180)
    (descr "Capacitor SMD 0603 (1608 Metric), square (rectangular) end terminal, IPC_7351 nominal with elongated pad for handsoldering. (Body size source: http://www.tortai-tech.com/upload/download/2011102023233369053.pdf), generated with kicad-footprint-generator")
    (tags "capacitor handsolder")
    (path /5D560DA1)
    (attr smd)
    (fp_text reference C3 (at 0 -1.43) (layer F.SilkS)
      (effects (font (size 1 1) (thickness 0.15)))
    )
    (fp_text value 100n (at 0 1.43) (layer F.Fab)
      (effects (font (size 1 1) (thickness 0.15)))
    )
    (fp_text user %R (at 0 0) (layer F.Fab)
      (effects (font (size 0.4 0.4) (thickness 0.06)))
    )
    (fp_line (start 1.65 0.73) (end -1.65 0.73) (layer F.CrtYd) (width 0.05))
    (fp_line (start 1.65 -0.73) (end 1.65 0.73) (layer F.CrtYd) (width 0.05))
    (fp_line (start -1.65 -0.73) (end 1.65 -0.73) (layer F.CrtYd) (width 0.05))
    (fp_line (start -1.65 0.73) (end -1.65 -0.73) (layer F.CrtYd) (width 0.05))
    (fp_line (start -0.171267 0.51) (end 0.171267 0.51) (layer F.SilkS) (width 0.12))
    (fp_line (start -0.171267 -0.51) (end 0.171267 -0.51) (layer F.SilkS) (width 0.12))
    (fp_line (start 0.8 0.4) (end -0.8 0.4) (layer F.Fab) (width 0.1))
    (fp_line (start 0.8 -0.4) (end 0.8 0.4) (layer F.Fab) (width 0.1))
    (fp_line (start -0.8 -0.4) (end 0.8 -0.4) (layer F.Fab) (width 0.1))
    (fp_line (start -0.8 0.4) (end -0.8 -0.4) (layer F.Fab) (width 0.1))
    (pad 2 smd roundrect (at 0.875 0 180) (size 1.05 0.95) (layers F.Cu F.Paste F.Mask) (roundrect_rratio 0.25)
      (net 1 GND))
    (pad 1 smd roundrect (at -0.875 0 180) (size 1.05 0.95) (layers F.Cu F.Paste F.Mask) (roundrect_rratio 0.25)
      (net 3 +3V3))
    (model ${KISYS3DMOD}/Capacitor_SMD.3dshapes/C_0603_1608Metric.wrl
      (at (xyz 0 0 0))
      (scale (xyz 1 1 1))
      (rotate (xyz 0 0 0))
    )
  )

  (module Capacitor_SMD:C_1206_3216Metric_Pad1.42x1.75mm_HandSolder (layer F.Cu) (tedit 5B301BBE) (tstamp 5D48FE59)
    (at 150.725 80.7 90)
    (descr "Capacitor SMD 1206 (3216 Metric), square (rectangular) end terminal, IPC_7351 nominal with elongated pad for handsoldering. (Body size source: http://www.tortai-tech.com/upload/download/2011102023233369053.pdf), generated with kicad-footprint-generator")
    (tags "capacitor handsolder")
    (path /5D56FBEF)
    (attr smd)
    (fp_text reference C4 (at 0 -1.82 90) (layer F.SilkS)
      (effects (font (size 1 1) (thickness 0.15)))
    )
    (fp_text value 4.7u (at 0 1.82 90) (layer F.Fab)
      (effects (font (size 1 1) (thickness 0.15)))
    )
    (fp_text user %R (at 0 0 90) (layer F.Fab)
      (effects (font (size 0.8 0.8) (thickness 0.12)))
    )
    (fp_line (start 2.45 1.12) (end -2.45 1.12) (layer F.CrtYd) (width 0.05))
    (fp_line (start 2.45 -1.12) (end 2.45 1.12) (layer F.CrtYd) (width 0.05))
    (fp_line (start -2.45 -1.12) (end 2.45 -1.12) (layer F.CrtYd) (width 0.05))
    (fp_line (start -2.45 1.12) (end -2.45 -1.12) (layer F.CrtYd) (width 0.05))
    (fp_line (start -0.602064 0.91) (end 0.602064 0.91) (layer F.SilkS) (width 0.12))
    (fp_line (start -0.602064 -0.91) (end 0.602064 -0.91) (layer F.SilkS) (width 0.12))
    (fp_line (start 1.6 0.8) (end -1.6 0.8) (layer F.Fab) (width 0.1))
    (fp_line (start 1.6 -0.8) (end 1.6 0.8) (layer F.Fab) (width 0.1))
    (fp_line (start -1.6 -0.8) (end 1.6 -0.8) (layer F.Fab) (width 0.1))
    (fp_line (start -1.6 0.8) (end -1.6 -0.8) (layer F.Fab) (width 0.1))
    (pad 2 smd roundrect (at 1.4875 0 90) (size 1.425 1.75) (layers F.Cu F.Paste F.Mask) (roundrect_rratio 0.175439)
      (net 1 GND))
    (pad 1 smd roundrect (at -1.4875 0 90) (size 1.425 1.75) (layers F.Cu F.Paste F.Mask) (roundrect_rratio 0.175439)
      (net 3 +3V3))
    (model ${KISYS3DMOD}/Capacitor_SMD.3dshapes/C_1206_3216Metric.wrl
      (at (xyz 0 0 0))
      (scale (xyz 1 1 1))
      (rotate (xyz 0 0 0))
    )
  )

  (module Capacitor_SMD:C_1206_3216Metric_Pad1.42x1.75mm_HandSolder (layer F.Cu) (tedit 5B301BBE) (tstamp 5D531411)
    (at 153.05 81.875 90)
    (descr "Capacitor SMD 1206 (3216 Metric), square (rectangular) end terminal, IPC_7351 nominal with elongated pad for handsoldering. (Body size source: http://www.tortai-tech.com/upload/download/2011102023233369053.pdf), generated with kicad-footprint-generator")
    (tags "capacitor handsolder")
    (path /5D578990)
    (attr smd)
    (fp_text reference C5 (at 0 -1.82 90) (layer F.SilkS)
      (effects (font (size 1 1) (thickness 0.15)))
    )
    (fp_text value 4.7u (at 0 1.82 90) (layer F.Fab)
      (effects (font (size 1 1) (thickness 0.15)))
    )
    (fp_line (start -1.6 0.8) (end -1.6 -0.8) (layer F.Fab) (width 0.1))
    (fp_line (start -1.6 -0.8) (end 1.6 -0.8) (layer F.Fab) (width 0.1))
    (fp_line (start 1.6 -0.8) (end 1.6 0.8) (layer F.Fab) (width 0.1))
    (fp_line (start 1.6 0.8) (end -1.6 0.8) (layer F.Fab) (width 0.1))
    (fp_line (start -0.602064 -0.91) (end 0.602064 -0.91) (layer F.SilkS) (width 0.12))
    (fp_line (start -0.602064 0.91) (end 0.602064 0.91) (layer F.SilkS) (width 0.12))
    (fp_line (start -2.45 1.12) (end -2.45 -1.12) (layer F.CrtYd) (width 0.05))
    (fp_line (start -2.45 -1.12) (end 2.45 -1.12) (layer F.CrtYd) (width 0.05))
    (fp_line (start 2.45 -1.12) (end 2.45 1.12) (layer F.CrtYd) (width 0.05))
    (fp_line (start 2.45 1.12) (end -2.45 1.12) (layer F.CrtYd) (width 0.05))
    (fp_text user %R (at 0 0 90) (layer F.Fab)
      (effects (font (size 0.8 0.8) (thickness 0.12)))
    )
    (pad 1 smd roundrect (at -1.4875 0 90) (size 1.425 1.75) (layers F.Cu F.Paste F.Mask) (roundrect_rratio 0.175439)
      (net 4 "Net-(C5-Pad1)"))
    (pad 2 smd roundrect (at 1.4875 0 90) (size 1.425 1.75) (layers F.Cu F.Paste F.Mask) (roundrect_rratio 0.175439)
      (net 1 GND))
    (model ${KISYS3DMOD}/Capacitor_SMD.3dshapes/C_1206_3216Metric.wrl
      (at (xyz 0 0 0))
      (scale (xyz 1 1 1))
      (rotate (xyz 0 0 0))
    )
  )

  (module Capacitor_SMD:C_0603_1608Metric_Pad1.05x0.95mm_HandSolder (layer F.Cu) (tedit 5B301BBE) (tstamp 5D48FE7B)
    (at 126.05 102.925 180)
    (descr "Capacitor SMD 0603 (1608 Metric), square (rectangular) end terminal, IPC_7351 nominal with elongated pad for handsoldering. (Body size source: http://www.tortai-tech.com/upload/download/2011102023233369053.pdf), generated with kicad-footprint-generator")
    (tags "capacitor handsolder")
    (path /5D6E36DE)
    (attr smd)
    (fp_text reference C6 (at 0 -1.43) (layer F.SilkS)
      (effects (font (size 1 1) (thickness 0.15)))
    )
    (fp_text value 100n (at 0 1.43) (layer F.Fab)
      (effects (font (size 1 1) (thickness 0.15)))
    )
    (fp_line (start -0.8 0.4) (end -0.8 -0.4) (layer F.Fab) (width 0.1))
    (fp_line (start -0.8 -0.4) (end 0.8 -0.4) (layer F.Fab) (width 0.1))
    (fp_line (start 0.8 -0.4) (end 0.8 0.4) (layer F.Fab) (width 0.1))
    (fp_line (start 0.8 0.4) (end -0.8 0.4) (layer F.Fab) (width 0.1))
    (fp_line (start -0.171267 -0.51) (end 0.171267 -0.51) (layer F.SilkS) (width 0.12))
    (fp_line (start -0.171267 0.51) (end 0.171267 0.51) (layer F.SilkS) (width 0.12))
    (fp_line (start -1.65 0.73) (end -1.65 -0.73) (layer F.CrtYd) (width 0.05))
    (fp_line (start -1.65 -0.73) (end 1.65 -0.73) (layer F.CrtYd) (width 0.05))
    (fp_line (start 1.65 -0.73) (end 1.65 0.73) (layer F.CrtYd) (width 0.05))
    (fp_line (start 1.65 0.73) (end -1.65 0.73) (layer F.CrtYd) (width 0.05))
    (fp_text user %R (at 0 0) (layer F.Fab)
      (effects (font (size 0.4 0.4) (thickness 0.06)))
    )
    (pad 1 smd roundrect (at -0.875 0 180) (size 1.05 0.95) (layers F.Cu F.Paste F.Mask) (roundrect_rratio 0.25)
      (net 5 "Net-(C6-Pad1)"))
    (pad 2 smd roundrect (at 0.875 0 180) (size 1.05 0.95) (layers F.Cu F.Paste F.Mask) (roundrect_rratio 0.25)
      (net 6 "Net-(C6-Pad2)"))
    (model ${KISYS3DMOD}/Capacitor_SMD.3dshapes/C_0603_1608Metric.wrl
      (at (xyz 0 0 0))
      (scale (xyz 1 1 1))
      (rotate (xyz 0 0 0))
    )
  )

  (module Capacitor_SMD:C_0603_1608Metric_Pad1.05x0.95mm_HandSolder (layer F.Cu) (tedit 5B301BBE) (tstamp 5D48FE8C)
    (at 135.275 99.825 90)
    (descr "Capacitor SMD 0603 (1608 Metric), square (rectangular) end terminal, IPC_7351 nominal with elongated pad for handsoldering. (Body size source: http://www.tortai-tech.com/upload/download/2011102023233369053.pdf), generated with kicad-footprint-generator")
    (tags "capacitor handsolder")
    (path /5D71F4C7)
    (attr smd)
    (fp_text reference C7 (at 0 -1.43 90) (layer F.SilkS)
      (effects (font (size 1 1) (thickness 0.15)))
    )
    (fp_text value 100n (at 0 1.43 90) (layer F.Fab)
      (effects (font (size 1 1) (thickness 0.15)))
    )
    (fp_line (start -0.8 0.4) (end -0.8 -0.4) (layer F.Fab) (width 0.1))
    (fp_line (start -0.8 -0.4) (end 0.8 -0.4) (layer F.Fab) (width 0.1))
    (fp_line (start 0.8 -0.4) (end 0.8 0.4) (layer F.Fab) (width 0.1))
    (fp_line (start 0.8 0.4) (end -0.8 0.4) (layer F.Fab) (width 0.1))
    (fp_line (start -0.171267 -0.51) (end 0.171267 -0.51) (layer F.SilkS) (width 0.12))
    (fp_line (start -0.171267 0.51) (end 0.171267 0.51) (layer F.SilkS) (width 0.12))
    (fp_line (start -1.65 0.73) (end -1.65 -0.73) (layer F.CrtYd) (width 0.05))
    (fp_line (start -1.65 -0.73) (end 1.65 -0.73) (layer F.CrtYd) (width 0.05))
    (fp_line (start 1.65 -0.73) (end 1.65 0.73) (layer F.CrtYd) (width 0.05))
    (fp_line (start 1.65 0.73) (end -1.65 0.73) (layer F.CrtYd) (width 0.05))
    (fp_text user %R (at 0 0 90) (layer F.Fab)
      (effects (font (size 0.4 0.4) (thickness 0.06)))
    )
    (pad 1 smd roundrect (at -0.875 0 90) (size 1.05 0.95) (layers F.Cu F.Paste F.Mask) (roundrect_rratio 0.25)
      (net 1 GND))
    (pad 2 smd roundrect (at 0.875 0 90) (size 1.05 0.95) (layers F.Cu F.Paste F.Mask) (roundrect_rratio 0.25)
      (net 7 /MIC_IN))
    (model ${KISYS3DMOD}/Capacitor_SMD.3dshapes/C_0603_1608Metric.wrl
      (at (xyz 0 0 0))
      (scale (xyz 1 1 1))
      (rotate (xyz 0 0 0))
    )
  )

  (module LED_SMD:LED_PLCC_2835_Handsoldering (layer B.Cu) (tedit 5C65228D) (tstamp 5D4C77EB)
    (at 102.5 39.5 180)
    (descr https://www.luckylight.cn/media/component/data-sheet/R2835BC-B2M-M10.pdf)
    (tags LED)
    (path /5D4918A8)
    (attr smd)
    (fp_text reference D1 (at 0 2.4) (layer B.SilkS)
      (effects (font (size 1 1) (thickness 0.15)) (justify mirror))
    )
    (fp_text value LED_Small (at 0 -2.475) (layer B.Fab)
      (effects (font (size 1 1) (thickness 0.15)) (justify mirror))
    )
    (fp_line (start -1.05 1.4) (end -1.75 0.7) (layer B.Fab) (width 0.1))
    (fp_line (start -2.5 1.6) (end -2.5 -1.6) (layer B.SilkS) (width 0.12))
    (fp_text user %R (at 0 0) (layer B.Fab)
      (effects (font (size 0.9 0.9) (thickness 0.135)) (justify mirror))
    )
    (fp_line (start 1.75 -1.4) (end -1.75 -1.4) (layer B.Fab) (width 0.1))
    (fp_line (start -1.75 -1.4) (end -1.75 0.7) (layer B.Fab) (width 0.1))
    (fp_line (start -1.05 1.4) (end 1.75 1.4) (layer B.Fab) (width 0.1))
    (fp_line (start 1.75 1.4) (end 1.75 -1.4) (layer B.Fab) (width 0.1))
    (fp_line (start 1.4 -1.6) (end -2.5 -1.6) (layer B.SilkS) (width 0.12))
    (fp_line (start 1.4 1.6) (end -2.5 1.6) (layer B.SilkS) (width 0.12))
    (fp_line (start 2.55 -1.65) (end -2.55 -1.65) (layer B.CrtYd) (width 0.05))
    (fp_line (start -2.55 -1.65) (end -2.55 1.65) (layer B.CrtYd) (width 0.05))
    (fp_line (start -2.55 1.65) (end 2.55 1.65) (layer B.CrtYd) (width 0.05))
    (fp_line (start 2.55 1.65) (end 2.55 -1.65) (layer B.CrtYd) (width 0.05))
    (pad 2 smd rect (at 1.525 0 180) (size 1.55 2.2) (layers B.Cu B.Paste B.Mask)
      (net 4 "Net-(C5-Pad1)"))
    (pad 1 smd rect (at -1.05 0 180) (size 2.5 2.2) (layers B.Cu B.Paste B.Mask)
      (net 8 "Net-(D1-Pad1)"))
    (model ${KISYS3DMOD}/LED_SMD.3dshapes/LED_PLCC_2835.wrl
      (at (xyz 0 0 0))
      (scale (xyz 1 1 1))
      (rotate (xyz 0 0 0))
    )
  )

  (module LED_SMD:LED_PLCC_2835_Handsoldering (layer B.Cu) (tedit 5C65228D) (tstamp 5D4C77B5)
    (at 115.425 39.45 180)
    (descr https://www.luckylight.cn/media/component/data-sheet/R2835BC-B2M-M10.pdf)
    (tags LED)
    (path /5D4910EE)
    (attr smd)
    (fp_text reference D2 (at 0 2.4) (layer B.SilkS)
      (effects (font (size 1 1) (thickness 0.15)) (justify mirror))
    )
    (fp_text value LED_Small (at 0 -2.475) (layer B.Fab)
      (effects (font (size 1 1) (thickness 0.15)) (justify mirror))
    )
    (fp_line (start 2.55 1.65) (end 2.55 -1.65) (layer B.CrtYd) (width 0.05))
    (fp_line (start -2.55 1.65) (end 2.55 1.65) (layer B.CrtYd) (width 0.05))
    (fp_line (start -2.55 -1.65) (end -2.55 1.65) (layer B.CrtYd) (width 0.05))
    (fp_line (start 2.55 -1.65) (end -2.55 -1.65) (layer B.CrtYd) (width 0.05))
    (fp_line (start 1.4 1.6) (end -2.5 1.6) (layer B.SilkS) (width 0.12))
    (fp_line (start 1.4 -1.6) (end -2.5 -1.6) (layer B.SilkS) (width 0.12))
    (fp_line (start 1.75 1.4) (end 1.75 -1.4) (layer B.Fab) (width 0.1))
    (fp_line (start -1.05 1.4) (end 1.75 1.4) (layer B.Fab) (width 0.1))
    (fp_line (start -1.75 -1.4) (end -1.75 0.7) (layer B.Fab) (width 0.1))
    (fp_line (start 1.75 -1.4) (end -1.75 -1.4) (layer B.Fab) (width 0.1))
    (fp_text user %R (at 0 0) (layer B.Fab)
      (effects (font (size 0.9 0.9) (thickness 0.135)) (justify mirror))
    )
    (fp_line (start -2.5 1.6) (end -2.5 -1.6) (layer B.SilkS) (width 0.12))
    (fp_line (start -1.05 1.4) (end -1.75 0.7) (layer B.Fab) (width 0.1))
    (pad 1 smd rect (at -1.05 0 180) (size 2.5 2.2) (layers B.Cu B.Paste B.Mask)
      (net 9 "Net-(D2-Pad1)"))
    (pad 2 smd rect (at 1.525 0 180) (size 1.55 2.2) (layers B.Cu B.Paste B.Mask)
      (net 8 "Net-(D1-Pad1)"))
    (model ${KISYS3DMOD}/LED_SMD.3dshapes/LED_PLCC_2835.wrl
      (at (xyz 0 0 0))
      (scale (xyz 1 1 1))
      (rotate (xyz 0 0 0))
    )
  )

  (module LED_SMD:LED_PLCC_2835_Handsoldering (layer B.Cu) (tedit 5C65228D) (tstamp 5D4C777F)
    (at 128.275 39.45 180)
    (descr https://www.luckylight.cn/media/component/data-sheet/R2835BC-B2M-M10.pdf)
    (tags LED)
    (path /5D490CF1)
    (attr smd)
    (fp_text reference D3 (at 0 2.4) (layer B.SilkS)
      (effects (font (size 1 1) (thickness 0.15)) (justify mirror))
    )
    (fp_text value LED_Small (at 0 -2.475) (layer B.Fab)
      (effects (font (size 1 1) (thickness 0.15)) (justify mirror))
    )
    (fp_line (start -1.05 1.4) (end -1.75 0.7) (layer B.Fab) (width 0.1))
    (fp_line (start -2.5 1.6) (end -2.5 -1.6) (layer B.SilkS) (width 0.12))
    (fp_text user %R (at 0 0) (layer B.Fab)
      (effects (font (size 0.9 0.9) (thickness 0.135)) (justify mirror))
    )
    (fp_line (start 1.75 -1.4) (end -1.75 -1.4) (layer B.Fab) (width 0.1))
    (fp_line (start -1.75 -1.4) (end -1.75 0.7) (layer B.Fab) (width 0.1))
    (fp_line (start -1.05 1.4) (end 1.75 1.4) (layer B.Fab) (width 0.1))
    (fp_line (start 1.75 1.4) (end 1.75 -1.4) (layer B.Fab) (width 0.1))
    (fp_line (start 1.4 -1.6) (end -2.5 -1.6) (layer B.SilkS) (width 0.12))
    (fp_line (start 1.4 1.6) (end -2.5 1.6) (layer B.SilkS) (width 0.12))
    (fp_line (start 2.55 -1.65) (end -2.55 -1.65) (layer B.CrtYd) (width 0.05))
    (fp_line (start -2.55 -1.65) (end -2.55 1.65) (layer B.CrtYd) (width 0.05))
    (fp_line (start -2.55 1.65) (end 2.55 1.65) (layer B.CrtYd) (width 0.05))
    (fp_line (start 2.55 1.65) (end 2.55 -1.65) (layer B.CrtYd) (width 0.05))
    (pad 2 smd rect (at 1.525 0 180) (size 1.55 2.2) (layers B.Cu B.Paste B.Mask)
      (net 9 "Net-(D2-Pad1)"))
    (pad 1 smd rect (at -1.05 0 180) (size 2.5 2.2) (layers B.Cu B.Paste B.Mask)
      (net 10 "Net-(D3-Pad1)"))
    (model ${KISYS3DMOD}/LED_SMD.3dshapes/LED_PLCC_2835.wrl
      (at (xyz 0 0 0))
      (scale (xyz 1 1 1))
      (rotate (xyz 0 0 0))
    )
  )

  (module LED_SMD:LED_PLCC_2835_Handsoldering (layer B.Cu) (tedit 5C65228D) (tstamp 5D4C7701)
    (at 141.325 39.45 180)
    (descr https://www.luckylight.cn/media/component/data-sheet/R2835BC-B2M-M10.pdf)
    (tags LED)
    (path /5D48E3C1)
    (attr smd)
    (fp_text reference D4 (at 0 2.4) (layer B.SilkS)
      (effects (font (size 1 1) (thickness 0.15)) (justify mirror))
    )
    (fp_text value LED_Small (at 0 -2.475) (layer B.Fab)
      (effects (font (size 1 1) (thickness 0.15)) (justify mirror))
    )
    (fp_line (start 2.55 1.65) (end 2.55 -1.65) (layer B.CrtYd) (width 0.05))
    (fp_line (start -2.55 1.65) (end 2.55 1.65) (layer B.CrtYd) (width 0.05))
    (fp_line (start -2.55 -1.65) (end -2.55 1.65) (layer B.CrtYd) (width 0.05))
    (fp_line (start 2.55 -1.65) (end -2.55 -1.65) (layer B.CrtYd) (width 0.05))
    (fp_line (start 1.4 1.6) (end -2.5 1.6) (layer B.SilkS) (width 0.12))
    (fp_line (start 1.4 -1.6) (end -2.5 -1.6) (layer B.SilkS) (width 0.12))
    (fp_line (start 1.75 1.4) (end 1.75 -1.4) (layer B.Fab) (width 0.1))
    (fp_line (start -1.05 1.4) (end 1.75 1.4) (layer B.Fab) (width 0.1))
    (fp_line (start -1.75 -1.4) (end -1.75 0.7) (layer B.Fab) (width 0.1))
    (fp_line (start 1.75 -1.4) (end -1.75 -1.4) (layer B.Fab) (width 0.1))
    (fp_text user %R (at 0 0) (layer B.Fab)
      (effects (font (size 0.9 0.9) (thickness 0.135)) (justify mirror))
    )
    (fp_line (start -2.5 1.6) (end -2.5 -1.6) (layer B.SilkS) (width 0.12))
    (fp_line (start -1.05 1.4) (end -1.75 0.7) (layer B.Fab) (width 0.1))
    (pad 1 smd rect (at -1.05 0 180) (size 2.5 2.2) (layers B.Cu B.Paste B.Mask)
      (net 11 "Net-(D4-Pad1)"))
    (pad 2 smd rect (at 1.525 0 180) (size 1.55 2.2) (layers B.Cu B.Paste B.Mask)
      (net 10 "Net-(D3-Pad1)"))
    (model ${KISYS3DMOD}/LED_SMD.3dshapes/LED_PLCC_2835.wrl
      (at (xyz 0 0 0))
      (scale (xyz 1 1 1))
      (rotate (xyz 0 0 0))
    )
  )

  (module LED_SMD:LED_PLCC_2835_Handsoldering (layer B.Cu) (tedit 5C65228D) (tstamp 5D4CA56D)
    (at 102.5 52.475 180)
    (descr https://www.luckylight.cn/media/component/data-sheet/R2835BC-B2M-M10.pdf)
    (tags LED)
    (path /5D49DE28)
    (attr smd)
    (fp_text reference D5 (at 0 2.4) (layer B.SilkS)
      (effects (font (size 1 1) (thickness 0.15)) (justify mirror))
    )
    (fp_text value LED_Small (at 0 -2.475) (layer B.Fab)
      (effects (font (size 1 1) (thickness 0.15)) (justify mirror))
    )
    (fp_line (start 2.55 1.65) (end 2.55 -1.65) (layer B.CrtYd) (width 0.05))
    (fp_line (start -2.55 1.65) (end 2.55 1.65) (layer B.CrtYd) (width 0.05))
    (fp_line (start -2.55 -1.65) (end -2.55 1.65) (layer B.CrtYd) (width 0.05))
    (fp_line (start 2.55 -1.65) (end -2.55 -1.65) (layer B.CrtYd) (width 0.05))
    (fp_line (start 1.4 1.6) (end -2.5 1.6) (layer B.SilkS) (width 0.12))
    (fp_line (start 1.4 -1.6) (end -2.5 -1.6) (layer B.SilkS) (width 0.12))
    (fp_line (start 1.75 1.4) (end 1.75 -1.4) (layer B.Fab) (width 0.1))
    (fp_line (start -1.05 1.4) (end 1.75 1.4) (layer B.Fab) (width 0.1))
    (fp_line (start -1.75 -1.4) (end -1.75 0.7) (layer B.Fab) (width 0.1))
    (fp_line (start 1.75 -1.4) (end -1.75 -1.4) (layer B.Fab) (width 0.1))
    (fp_text user %R (at 0 0) (layer B.Fab)
      (effects (font (size 0.9 0.9) (thickness 0.135)) (justify mirror))
    )
    (fp_line (start -2.5 1.6) (end -2.5 -1.6) (layer B.SilkS) (width 0.12))
    (fp_line (start -1.05 1.4) (end -1.75 0.7) (layer B.Fab) (width 0.1))
    (pad 1 smd rect (at -1.05 0 180) (size 2.5 2.2) (layers B.Cu B.Paste B.Mask)
      (net 12 "Net-(D5-Pad1)"))
    (pad 2 smd rect (at 1.525 0 180) (size 1.55 2.2) (layers B.Cu B.Paste B.Mask)
      (net 4 "Net-(C5-Pad1)"))
    (model ${KISYS3DMOD}/LED_SMD.3dshapes/LED_PLCC_2835.wrl
      (at (xyz 0 0 0))
      (scale (xyz 1 1 1))
      (rotate (xyz 0 0 0))
    )
  )

  (module LED_SMD:LED_PLCC_2835_Handsoldering (layer B.Cu) (tedit 5C65228D) (tstamp 5D4CA537)
    (at 115.5 52.525 180)
